0.9926232099533081
0.9934934973716736
0.9936467409133911
0.9948150515556335
0.993747353553772
0.9941883087158203
0.9938986301422119
0.9932501316070557
0.9936059713363647
0.9935228824615479
0.9931442737579346
0.9932143688201904
0.9930435419082642
0.9927484393119812
0.9931957721710205
0.9934898614883423
0.9934113621711731
0.9931885004043579
0.9932671785354614
0.995232880115509
0.9935595989227295
0.9947264790534973
0.9913372993469238
0.9938659071922302
0.9887110590934753
0.9918051958084106
0.9911515116691589
0.9882380366325378
0.9717651605606079
0.9585695266723633
0.978364884853363
0.974917471408844
0.9882264733314514
0.9903357028961182
0.9898256659507751
0.9916431903839111
0.9841176271438599
0.9870333671569824
0.9909665584564209
0.9908305406570435
0.99382483959198
0.9878419637680054
0.937610924243927
0.9758333563804626
0.9868243336677551
0.9837626218795776
0.9965863227844238
0.9973711967468262
0.9900755286216736
0.9920867085456848
0.9954054355621338
0.9961852431297302
0.9956042766571045
0.9885444045066833
0.9853984117507935
0.9632043242454529
0.9841384291648865
0.9871642589569092
0.9915453791618347
0.9882240295410156
0.9836845397949219
0.9883365035057068
0.983805775642395
0.9885718822479248
0.9702651500701904
0.98579341173172
0.9783552885055542
0.9835376143455505
0.9834738373756409
0.9906896352767944
0.9725539088249207
0.9914786219596863
0.9870937466621399
0.9890568852424622
0.984600841999054
0.994763970375061
0.9925464987754822
0.994322657585144
0.9954041242599487
0.996471643447876
0.9559798836708069
0.987022340297699
0.9641677141189575
0.985121488571167
0.9878306984901428
0.9800815582275391
0.9916620254516602
0.9938368201255798
0.9966893196105957
0.9969423413276672
0.9923285841941833
0.9947311878204346
0.9922937154769897
0.9967252612113953
0.9941012263298035
0.9944764971733093
0.990272581577301
0.9623516798019409
0.967800498008728
0.9628327488899231
0.9737043380737305
0.9782196283340454
0.9882959723472595
0.9909571409225464
0.9900925755500793
0.9937261939048767
0.9901981353759766
0.9942223429679871
0.9904279708862305
0.9791401624679565
0.9871630072593689
0.9924506545066833
0.9866353869438171
0.9519854187965393
0.9631775617599487
0.9722908139228821
0.975690484046936
0.9745577573776245
0.9847176671028137
0.9845582842826843
0.9888600707054138
0.9944909811019897
0.9925581216812134
0.991445779800415
0.9935676455497742
0.9921340942382812
0.9947546720504761
0.9904176592826843
0.993069589138031
0.9781866669654846
0.9713364243507385
0.9870516061782837
0.9889320135116577
0.9988897442817688
0.9967114925384521
0.9935054779052734
0.9817573428153992
0.9752854704856873
0.9885616302490234
0.9944108128547668
0.9765143394470215
0.9895368814468384
0.9718829989433289
0.4472503066062927
0.6672534346580505
0.8711289763450623
0.7393506765365601
0.747269332408905
0.3751838207244873
0.5331266522407532
0.9767237901687622
0.909479022026062
0.9316191077232361
0.9262645840644836
0.9217700362205505
0.9018946886062622
0.7899639010429382
0.7849345207214355
0.7930538654327393
0.7432200908660889
0.8507729172706604
0.9983215928077698
0.9936612844467163
0.9906340837478638
0.9979884624481201
0.9933949112892151
0.9958412051200867
0.9970382452011108
0.997747004032135
0.9994267225265503
0.9962818026542664
0.9950417876243591
0.9936512112617493
0.9924924969673157
0.994707465171814
0.9988479614257812
0.9950379729270935
0.9952831864356995
0.990498960018158
0.9925948977470398
0.9920998215675354
0.9960421323776245
0.9927574396133423
0.9941076040267944
0.99736088514328
0.9941946864128113
0.9953030347824097
0.9952924251556396
0.9925374388694763
0.9970920085906982
0.9808095097541809
0.980967104434967
0.9863213896751404
0.93743497133255
0.9684845209121704
0.9688688516616821
0.9579989910125732
0.7510837912559509
0.7189639210700989
0.8688409328460693
0.8171567916870117
0.9986932873725891
0.9994087219238281
0.9991826415061951
0.9983152151107788
0.996665894985199
0.9976256489753723
0.9958925247192383
0.9959676265716553
0.9947217702865601
0.992774486541748
0.9966931343078613
0.9960070252418518
0.9966296553611755
0.9927409291267395
0.9956432580947876
0.9945018291473389
0.994952917098999
0.9908341765403748
0.9922512173652649
0.9935543537139893
0.9896648526191711
0.9969093203544617
0.9981768131256104
0.9979881048202515
0.998387336730957
0.9983275532722473
0.9969182014465332
0.9977768063545227
0.9980278611183167
0.9984011054039001
0.9984099864959717
0.9957822561264038
0.9975419044494629
0.9988632202148438
0.9954740405082703
0.9925988912582397
0.9862235188484192
0.9680031538009644
0.9777838587760925
0.9810402393341064
0.9906260967254639
0.9954051971435547
0.9967256784439087
0.9955251812934875
0.9950397610664368
0.9962158799171448
0.9946150183677673
0.9958943128585815
0.9959841966629028
0.9952725768089294
0.9969327449798584
0.9966828227043152
0.9968594312667847
0.9900168776512146
0.9987131357192993
0.9952346682548523
0.9635508060455322
0.6954157948493958
0.3921632766723633
0.8192585110664368
0.012429624795913696
0.11864247918128967
0.36021149158477783
0.9884315729141235
0.9973089694976807
0.995107889175415
0.9949802756309509
0.9960235357284546
0.9936200976371765
0.9970369338989258
0.9969893097877502
0.9965540170669556
0.9949392080307007
0.9952214360237122
0.9902840256690979
0.994888961315155
0.9917047023773193
0.9928061366081238
0.9954066276550293
0.9955730438232422
0.9958602786064148
0.9947587847709656
0.9925892353057861
0.9928730726242065
0.9911776185035706
0.9942722320556641
0.9947580695152283
0.9935343265533447
0.9953763484954834
0.9935950636863708
0.994387686252594
0.9915801882743835
0.9932684302330017
0.9946238994598389
0.9948948621749878
0.991479754447937
0.9937732815742493
0.9895771741867065
0.9962977766990662
0.9936031699180603
0.9956809282302856
0.99824059009552
0.9969080090522766
0.9961519837379456
0.9957197308540344
0.9965800642967224
0.9969154596328735
0.9966465830802917
0.9962297081947327
0.9963425993919373
0.9941815733909607
0.9952736496925354
0.9955987930297852
0.9922999143600464
0.9972206354141235
0.991696298122406
0.9958794116973877
0.992621898651123
0.9917969703674316
0.9957910776138306
0.9947539567947388
0.9956562519073486
0.9951388835906982
0.9949488639831543
0.9921253323554993
0.9921586513519287
0.9942159056663513
0.9932261109352112
0.9935723543167114
0.7696928977966309
0.038969919085502625
0.051768697798252106
0.28002434968948364
0.11558571457862854
0.8091586232185364
0.7903950214385986
0.8911322355270386
0.8866655230522156
0.8787111639976501
0.923978328704834
0.9818652272224426
0.9957277774810791
0.9979591369628906
0.9952517747879028
0.9964480400085449
0.9965870380401611
0.9949086308479309
0.9932089447975159
0.9916213750839233
0.9913731217384338
0.9952577948570251
0.995526134967804
0.9949524402618408
0.9958677291870117
0.995154619216919
0.9952138662338257
0.995431661605835
0.9943148493766785
0.996994137763977
0.997471809387207
0.9930433034896851
0.994032084941864
0.997798502445221
0.9929710030555725
0.9970875382423401
0.9980995059013367
0.9920645356178284
0.7683567404747009
0.9818938970565796
0.9933983087539673
0.9956766963005066
0.9959253072738647
0.9984105825424194
0.9922762513160706
0.9960567951202393
0.9983773231506348
0.9986644983291626
0.9977820515632629
0.9975820779800415
0.996852695941925
0.9989907145500183
0.9967483282089233
0.9984211921691895
0.9940378665924072
0.9976136684417725
0.9957658052444458
0.9970806241035461
0.9961308240890503
0.9915125966072083
0.987851083278656
0.9853031635284424
0.988746702671051
0.9938306212425232
0.9947146773338318
0.9920241832733154
0.9967561364173889
0.9938830137252808
0.993979811668396
0.9946751594543457
0.9953487515449524
0.9921980500221252
0.9972195625305176
0.9945598244667053
0.997593104839325
0.996291995048523
0.997686505317688
0.9953476786613464
0.9951590895652771
0.9955043196678162
0.9957584738731384
0.9947686195373535
0.9962260723114014
0.9944985508918762
0.99358069896698
0.9946533441543579
0.9958208799362183
0.9925697445869446
0.9953769445419312
0.9943827390670776
0.9940197467803955
0.993885338306427
0.9895637631416321
0.986473560333252
0.9898608922958374
0.9933267831802368
0.9955161213874817
0.9960122108459473
0.9938773512840271
0.9455183744430542
0.15368790924549103
0.8136703968048096
0.7540343403816223
0.7481011748313904
0.8842481970787048
0.9100784659385681
0.9326326251029968
0.5364131927490234
0.6793503165245056
0.5688765645027161
0.49553757905960083
0.3949644863605499
0.9247883558273315
0.7185017466545105
0.9023298621177673
0.30128419399261475
0.716672956943512
0.6234043836593628
0.30959001183509827
0.9369726181030273
0.7449722290039062
0.869288444519043
0.5698410868644714
0.6850050091743469
0.5909727215766907
0.6298665404319763
0.4866584837436676
0.6701793670654297
0.6242594718933105
0.7639527320861816
0.8792557716369629
0.8844131827354431
0.8792181611061096
0.8629034757614136
0.9824026823043823
0.9937713742256165
0.9931153655052185
0.9930803179740906
0.9934387803077698
0.9901354908943176
0.9859902858734131
0.9946728348731995
0.9914543628692627
0.9962838292121887
0.9975236058235168
0.9942581653594971
0.9956966638565063
0.9947803020477295
0.992743730545044
0.9941998720169067
0.9929972290992737
0.9928653240203857
0.9953606724739075
0.9910265803337097
0.9934223294258118
0.9703148603439331
0.9031779170036316
0.907420814037323
0.9231125712394714
0.9175289869308472
0.9399508237838745
0.943632185459137
0.9414477348327637
0.9647751450538635
0.9474641680717468
0.9614799618721008
0.9602859616279602
0.9502853751182556
0.9949854612350464
0.9930872321128845
0.9946032166481018
0.9950248599052429
0.9934915900230408
0.9936595559120178
0.9920589923858643
0.9946333169937134
0.984396755695343
0.9944827556610107
0.9964022636413574
0.9970115423202515
0.9928566217422485
0.9938045740127563
0.9932951331138611
0.9938064813613892
0.9963927865028381
0.9967296123504639
0.9955366849899292
0.9903925657272339
0.9935787916183472
0.9944977164268494
0.9971877932548523
0.9940032362937927
0.9941191673278809
0.9958654642105103
0.9956485629081726
0.9932195544242859
0.9938827753067017
0.9975220561027527
0.9971338510513306
0.9969797730445862
0.9920307397842407
0.9865942001342773
0.9939403533935547
0.9925075173377991
0.993804931640625
0.9965091347694397
0.9932454228401184
0.9914675951004028
0.9929614663124084
0.994306743144989
0.9929088354110718
0.995961606502533
0.9963194131851196
0.9969940185546875
0.9937013387680054
0.9917252063751221
0.9939310550689697
0.9917765855789185
0.9952386617660522
0.9950767159461975
0.9951469302177429
0.9929662942886353
0.9950541257858276
0.9797415733337402
0.9950190782546997
0.9962888956069946
0.9914373755455017
0.9927559494972229
0.9916121959686279
0.9947636127471924
0.9937636256217957
0.9931457042694092
0.9930746555328369
0.9930083751678467
0.9930424690246582
0.9954215884208679
0.9940352439880371
0.9939059615135193
0.9941033720970154
0.9936391711235046
0.9948609471321106
0.994685173034668
0.9953059554100037
0.9950005412101746
0.9950271248817444
0.9935756325721741
0.9974817633628845
0.982254683971405
0.9975866079330444
0.9926767349243164
0.994562566280365
0.9948023557662964
0.9930917024612427
0.9951103329658508
0.9960685968399048
0.9891307353973389
0.993815541267395
0.9937746524810791
0.9944767355918884
0.992833137512207
0.9932147264480591
0.9897153973579407
0.9895322322845459
0.9924722909927368
0.9943338632583618
0.9918556213378906
0.9952228665351868
0.9883557558059692
0.9927167892456055
0.9961816072463989
0.9940472841262817
0.9956235289573669
0.9934297204017639
0.9955745935440063
0.9915928840637207
0.9938963055610657
0.9953964352607727
0.9956672191619873
0.9948835968971252
0.9939104318618774
0.993597149848938
0.9940726161003113
0.03257475793361664
0.0036373811308294535
0.0004829390090890229
0.03810591623187065
0.026460319757461548
0.24437391757965088
0.01818932220339775
0.09633398801088333
0.8449151515960693
0.9954866766929626
0.9958893656730652
0.9977828860282898
0.9955620765686035
0.996342122554779
0.9971750974655151
0.9943640232086182
0.9907258152961731
0.9624262452125549
0.8811542391777039
0.9659788012504578
0.991276741027832
0.9918992519378662
0.9941470623016357
0.9966554641723633
0.9984843134880066
0.9969378709793091
0.9935417175292969
0.9953887462615967
0.9946598410606384
0.9978247880935669
0.9976621866226196
0.9997128844261169
0.9988824725151062
0.9996883869171143
0.9978634715080261
0.9982187151908875
0.9988781809806824
0.9961563944816589
0.9917073845863342
0.995908260345459
0.9957314133644104
0.9967778325080872
0.998001754283905
0.9971662163734436
0.9996254444122314
0.997309684753418
0.9933918118476868
0.9948421120643616
0.9940938353538513
0.9954083561897278
0.9981772899627686
0.9963815212249756
0.9987322688102722
0.9974932670593262
0.9958136677742004
0.99747234582901
0.9963678121566772
0.9967513084411621
0.997549831867218
0.9978780746459961
0.9972678422927856
0.9983736276626587
0.9968045949935913
0.9948421120643616
0.9983781576156616
0.99544757604599
0.9958509206771851
0.9942253232002258
0.9978269934654236
0.8297966122627258
0.016751471906900406
0.06916126608848572
0.9699386954307556
0.5930794477462769
0.6779784560203552
0.3489251732826233
0.5547074675559998
0.8071595430374146
0.8801459074020386
0.217342808842659
0.5808425545692444
0.9518577456474304
0.9496790170669556
0.9940168857574463
0.9745930433273315
0.9101032018661499
0.7287641763687134
0.9124985337257385
0.7896229028701782
0.8013816475868225
0.9443429708480835
0.9507775902748108
0.961983859539032
0.9057661890983582
0.9244195222854614
0.8803554773330688
0.9674081802368164
0.8957722783088684
0.8806066513061523
0.9054558873176575
0.9371534585952759
0.9479165077209473
0.9351114630699158
0.9919628500938416
0.8471886515617371
0.858902096748352
0.8290679454803467
0.3582257330417633
0.9021484851837158
0.5362139344215393
0.019818473607301712
0.8255056142807007
0.7463237643241882
0.509455680847168
0.8174546360969543
0.688399076461792
0.6391854882240295
0.8368837237358093
0.704977810382843
0.4261653423309326
0.6874087452888489
0.7471457719802856
0.7896090745925903
0.7250617742538452
0.7001306414604187
0.6548466682434082
0.69759202003479
0.7349023818969727
0.833419144153595
0.8886328339576721
0.8457238674163818
0.9291638135910034
0.9018017649650574
0.7316356897354126
0.8218286633491516
0.8539562821388245
0.7002504467964172
0.8630993962287903
0.7291789650917053
0.6502587199211121
0.9867413640022278
0.9500921964645386
0.9914038181304932
0.9457389712333679
0.9774230122566223
0.9892918467521667
0.9959003329277039
0.9624419212341309
0.8023426532745361
0.6619294285774231
0.771119236946106
0.4479449987411499
0.8288955092430115
0.5346468091011047
0.6158156991004944
0.4748126268386841
0.44465312361717224
0.5535892844200134
0.8225845098495483
0.825028121471405
0.7609837055206299
0.8413490056991577
0.849358081817627
0.9292880296707153
0.8461140394210815
0.7497477531433105
0.8962297439575195
0.9110326170921326
0.8784363865852356
0.8885195255279541
0.9260562062263489
0.9282544851303101
0.9487554430961609
0.9249868988990784
0.8644782304763794
0.7272434830665588
0.8930084705352783
0.7382264733314514
0.934804379940033
0.8154025673866272
0.6978755593299866
0.6605033874511719
0.6898955702781677
0.6389875411987305
0.7207720279693604
0.6241910457611084
0.8824207186698914
0.9302176833152771
0.9110196828842163
0.8070613741874695
0.7249146103858948
0.6436755657196045
0.5526673793792725
0.6330502033233643
0.6958213448524475
0.7867295742034912
0.5480819344520569
0.8345240354537964
0.7309111952781677
0.6897059082984924
0.8116414546966553
0.891383707523346
0.8518303632736206
0.8318920135498047
0.9070894122123718
0.8973104357719421
0.9049946665763855
0.9060864448547363
0.9289212822914124
0.9579594135284424
0.9605855345726013
0.9571846127510071
0.9417714476585388
0.9421139359474182
0.9531887173652649
0.950049877166748
0.9645346403121948
0.9809870719909668
0.9814034700393677
0.9801580309867859
0.9674990773200989
0.874305248260498
0.7806699872016907
0.8035615682601929
0.849712073802948
0.883475124835968
0.8517625331878662
0.7011268138885498
0.7411355376243591
0.771962583065033
0.8067262172698975
0.7839354872703552
0.8629216551780701
0.7511947154998779
0.8422622680664062
0.7572930455207825
0.8840160965919495
0.8720118999481201
0.8710337281227112
0.8064032793045044
0.7795259952545166
0.7884159088134766
0.8081029653549194
0.639446496963501
0.7298908233642578
0.7943221926689148
0.7345574498176575
0.6745842099189758
0.7425683736801147
0.8191794157028198
0.7654839754104614
0.7863706946372986
0.8820481896400452
0.8393575549125671
0.8007410168647766
0.8364274501800537
0.8511152267456055
0.8622652888298035
0.8530399203300476
0.8862789273262024
0.8560805320739746
0.8499552011489868
0.7494655251502991
0.817865788936615
0.8523417115211487
0.8784846067428589
0.9058615565299988
0.8715128898620605
0.9217511415481567
0.9316340088844299
0.8841716051101685
0.9230008125305176
0.9098463654518127
0.8563356399536133
0.8841782808303833
0.8729029893875122
0.9002723097801208
0.9003790020942688
0.9233731031417847
0.8586587905883789
0.9106994867324829
0.9207606911659241
0.8650058507919312
0.9358991384506226
0.8723105788230896
0.850785493850708
0.9414955973625183
0.8955112099647522
0.8934040069580078
0.8557948470115662
0.9027803540229797
0.8277882933616638
0.9301817417144775
0.9289467334747314
0.9377590417861938
0.9016814827919006
0.8938997387886047
0.9061524271965027
0.8971525430679321
0.8279592990875244
0.8754889965057373
0.8853206634521484
0.8031588792800903
0.8540747761726379
0.6974586248397827
0.6200047135353088
0.6105180978775024
0.7355087399482727
0.22062687575817108
0.9510356187820435
0.82818204164505
0.8216985464096069
0.8825181722640991
0.8996202349662781
0.9120325446128845
0.9066818952560425
0.9009425044059753
0.7026116251945496
0.8221741914749146
0.6620867252349854
0.53208988904953
0.5157625675201416
0.16065947711467743
0.09644277393817902
0.24246269464492798
0.44174259901046753
0.6948533058166504
0.5782341361045837
0.18240325152873993
0.3752616047859192
0.7124295830726624
0.8751616477966309
0.9406700730323792
0.47576549649238586
0.5567166805267334
0.42899036407470703
0.655665934085846
0.5992264747619629
0.42977455258369446
0.8522698879241943
0.8318660259246826
0.9056558012962341
0.8770787119865417
0.9254888892173767
0.9227846264839172
0.8784501552581787
0.5934336185455322
0.8486425280570984
0.8757271766662598
0.9268565773963928
0.9530248641967773
0.7486101984977722
0.8416805267333984
0.8725343346595764
0.8549424409866333
0.8045912384986877
0.5295622944831848
0.8032563328742981
0.7214344143867493
0.3053019046783447
0.5955510139465332
0.9210754632949829
0.8470591306686401
0.8827475905418396
0.8844301104545593
0.8757676482200623
0.9265155792236328
0.8899326324462891
0.9136238098144531
0.8335056900978088
0.9316087961196899
0.9383865594863892
0.9135280847549438
0.8677760362625122
0.9509290456771851
0.881454348564148
0.8787761330604553
0.8640994429588318
0.7837551236152649
0.39324572682380676
0.7214240431785583
0.4307522177696228
0.8505386114120483
0.9219318628311157
0.7513003945350647
0.6916880011558533
0.7252621054649353
0.6528711318969727
0.7516264915466309
0.6767189502716064
0.4214254319667816
0.5717951059341431
0.5447202324867249
0.7517244219779968
0.8824082612991333
0.8276419639587402
0.8101770281791687
0.7824329733848572
0.7927106022834778
0.869647204875946
0.8656103014945984
0.6276423335075378
0.6312999129295349
0.5510208606719971
0.5549551248550415
0.2986315190792084
0.3054419755935669
0.4865575432777405
0.37493640184402466
0.4838082492351532
0.2097535878419876
0.9663684964179993
0.951683759689331
0.9449001550674438
0.9612806439399719
0.9616187214851379
0.943099319934845
0.865178108215332
0.9595986604690552
0.9020247459411621
0.9441141486167908
0.8805725574493408
0.9462437629699707
0.9287939667701721
0.9263081550598145
0.9508163928985596
0.9460365176200867
0.9496250748634338
0.9036730527877808
0.9099934697151184
0.9137389659881592
0.9146179556846619
0.7638438940048218
0.8238991498947144
0.8413659930229187
0.8873855471611023
0.6931788921356201
0.882743775844574
0.8690865635871887
0.8744010925292969
0.8469381332397461
0.929951012134552
0.8384291529655457
0.8232122659683228
0.9369850754737854
0.9064921736717224
0.9191084504127502
0.9371201992034912
0.8487789630889893
0.8943290710449219
0.8778250813484192
0.8593965768814087
0.856730043888092
0.8979147672653198
0.830866277217865
0.8305604457855225
0.7945023775100708
0.9204421639442444
0.940180242061615
0.8525655269622803
0.9165444374084473
0.8792310357093811
0.7140986323356628
0.8364226222038269
0.9286686182022095
0.8786605000495911
0.9369701147079468
0.9359089136123657
0.8309913873672485
0.8256919384002686
0.8418686985969543
0.8939554691314697
0.8545018434524536
0.808336615562439
0.7933475375175476
0.9251651167869568
0.9485577940940857
0.9707329273223877
0.9722889065742493
0.983866810798645
0.9445441365242004
0.9848974347114563
0.9877369403839111
0.989493727684021
0.9881293177604675
0.9703279137611389
0.9604931473731995
0.9918180704116821
0.9758475422859192
0.9753574728965759
0.9871620535850525
0.9850453734397888
0.979070782661438
0.9764373302459717
0.9914605617523193
0.9890825748443604
0.9963483214378357
0.9932278990745544
0.995900571346283
0.9925526976585388
0.9912699460983276
0.9900397658348083
0.9959514141082764
0.9964821338653564
0.993963897228241
0.9919923543930054
0.9934402108192444
0.9949222207069397
0.9912934899330139
0.990575909614563
0.9936922788619995
0.9973878264427185
0.9946570992469788
0.9940755367279053
0.9953437447547913
0.9874797463417053
0.9955173134803772
0.995215654373169
0.9936313033103943
0.9944677352905273
0.9933663010597229
0.996716320514679
0.9940477609634399
0.9941020607948303
0.9952280521392822
0.996250331401825
0.9919325709342957
0.9941693544387817
0.9966493248939514
0.9969401359558105
0.9989540576934814
0.9990338087081909
0.9976468682289124
0.997879147529602
0.9904801249504089
0.998298704624176
0.9952587485313416
0.9955573678016663
0.9917938113212585
0.998671293258667
0.9958680868148804
0.9988366961479187
0.9931750893592834
0.9967759251594543
0.9925206899642944
0.9989582300186157
0.996956467628479
0.998134434223175
0.9965093731880188
0.9948141574859619
0.9955600500106812
0.9946382641792297
0.9924553632736206
0.9922298789024353
0.9927777647972107
0.9934585690498352
0.9920254349708557
0.9929549098014832
0.9912449717521667
0.9870364665985107
0.9850333333015442
0.9692674875259399
0.9864533543586731
0.9781067371368408
0.9885798096656799
0.9917324781417847
0.9852889180183411
0.9891250133514404
0.9870785474777222
0.9822324514389038
0.9938474297523499
0.9929410219192505
0.9928210377693176
0.9962267875671387
0.9951481223106384
0.9987830519676208
0.9973148703575134
0.9967755675315857
0.9964821338653564
0.9969757795333862
0.9954439401626587
0.9966548681259155
0.99770587682724
0.9958482980728149
0.9954328536987305
0.9987964630126953
0.9977454543113708
0.9976155757904053
0.997822642326355
0.9955489635467529
0.9990027546882629
0.9971043467521667
0.9977927207946777
0.9957746863365173
0.9963584542274475
0.9957737326622009
0.9944652915000916
0.992480993270874
0.9939669370651245
0.9907029867172241
0.9989088773727417
0.9977794289588928
0.9959267973899841
0.9957376718521118
0.9948064684867859
0.9983295798301697
0.9973176121711731
0.9994165897369385
0.9972938895225525
0.997412383556366
0.9986591339111328
0.9952087998390198
0.9975885152816772
0.9971206784248352
0.996353030204773
0.9980376362800598
0.996572732925415
0.9959398508071899
0.9963178634643555
0.9947779178619385
0.9971575736999512
0.995468258857727
0.9956335425376892
0.9950658082962036
0.9964902997016907
0.9962728023529053
0.9947687387466431
0.9955026507377625
0.9973369240760803
0.997246265411377
0.9939404726028442
0.9971855282783508
0.996541440486908
0.9969199895858765
0.9928024411201477
0.9939467310905457
0.9989836812019348
0.9919015765190125
0.997437596321106
0.9977193474769592
0.9924039244651794
0.9978834986686707
0.9969626069068909
0.9947130084037781
0.9979403614997864
0.9995779395103455
0.9983764886856079
0.9982420206069946
0.9917172789573669
0.9966570138931274
0.9978420734405518
0.9958386421203613
0.9924955368041992
0.9967972636222839
0.9917992353439331
0.9956197142601013
0.997721254825592
0.9963616728782654
0.9974080920219421
0.9964358806610107
0.99053955078125
0.9961560368537903
0.9961994290351868
0.9969093203544617
0.99558025598526
0.9961906671524048
0.9976150989532471
0.991333544254303
0.9975851774215698
0.9968079924583435
0.9988634586334229
0.997484564781189
0.9963394403457642
0.9979786276817322
0.9970793724060059
0.9962116479873657
0.9982023239135742
0.9903864860534668
0.9919375777244568
0.995205283164978
0.9952387809753418
0.9933742880821228
0.9963222742080688
0.9906246066093445
0.991946280002594
0.9921283721923828
0.9915448427200317
0.9935227632522583
0.9955087900161743
0.9932076334953308
0.991630494594574
0.9911279678344727
0.9936642646789551
0.9956141710281372
0.9965322017669678
0.9963862895965576
0.9941496849060059
0.9967522621154785
0.9374616146087646
0.919753909111023
0.9292829036712646
0.9539530277252197
0.8715871572494507
0.9420697093009949
0.917076587677002
0.926546037197113
0.9876535534858704
0.9944069385528564
0.9958857893943787
0.9973738193511963
0.9976586103439331
0.9955582618713379
0.9936389327049255
0.9970692992210388
0.9936336278915405
0.9958605170249939
0.9983612895011902
0.9953640699386597
0.9977579712867737
0.9910590052604675
0.9864945411682129
0.9905587434768677
0.9990461468696594
0.9986648559570312
0.9969524145126343
0.9968013763427734
0.9973143935203552
0.9959231615066528
0.9944859147071838
0.9979357719421387
0.9962937235832214
0.9966412782669067
0.9943550825119019
0.9967162609100342
0.994297206401825
0.9906028509140015
0.9941362142562866
0.9936240911483765
0.9987152814865112
0.9952386617660522
0.9955695271492004
0.9971106052398682
0.9970197081565857
0.9975893497467041
0.9977814555168152
0.9990732669830322
0.9961771965026855
0.9924098253250122
0.9962382316589355
0.9945053458213806
0.9946001768112183
0.9935702085494995
0.9928886294364929
0.9903488159179688
0.9940555095672607
0.9900203943252563
0.9936908483505249
0.9907192587852478
0.9879574179649353
0.9991056323051453
0.9978298544883728
0.9968006610870361
0.9923205971717834
0.9895718097686768
0.994564414024353
0.9960960745811462
0.9949206709861755
0.9989365935325623
0.9990713596343994
0.9976188540458679
0.9962400197982788
0.9957323670387268
0.9968159794807434
0.9918495416641235
0.9948624968528748
0.9942308664321899
0.992074728012085
0.9948287606239319
0.988498866558075
0.5693947076797485
0.9604035019874573
0.9927593469619751
0.991626501083374
0.9940565824508667
0.994906485080719
0.9917967319488525
0.993221640586853
0.990760862827301
0.9924213290214539
0.996189296245575
0.996393620967865
0.9936415553092957
0.9929435849189758
0.9961315393447876
0.9941219687461853
0.9934949278831482
0.9917629957199097
0.9920547008514404
0.9941666126251221
0.9937241673469543
0.992724597454071
0.9937376976013184
0.9932880997657776
0.9941315054893494
0.9961889386177063
0.9994363188743591
0.9995085000991821
0.994983434677124
0.9959537982940674
0.9932483434677124
0.9954788088798523
0.9980610013008118
0.9984058737754822
0.9921671748161316
0.9938687682151794
0.9943894743919373
0.9885567426681519
0.9898126721382141
0.9940962791442871
0.9938994646072388
0.9928788542747498
0.99639493227005
0.9727655649185181
0.9621548652648926
0.9936378598213196
0.9941437840461731
0.9953367114067078
0.9911425113677979
0.9858222603797913
0.9954354166984558
0.9947517514228821
0.995848536491394
0.9949874877929688
0.9975425004959106
0.9955892562866211
0.9941178560256958
0.9949116110801697
0.991763710975647
0.9940871000289917
0.9955981373786926
0.9950829744338989
0.9941363334655762
0.9962700605392456
0.9839187860488892
0.9959917664527893
0.9970312118530273
0.998343825340271
0.9966691136360168
0.9938580393791199
0.9830013513565063
0.9883431792259216
0.9967382550239563
0.9939858913421631
0.9944069385528564
0.9830317497253418
0.6559618711471558
0.965593159198761
0.9803675413131714
0.9815350770950317
0.9903005361557007
0.9971603155136108
0.9988664388656616
0.9980117082595825
0.9966151118278503
0.9992425441741943
0.9958488941192627
0.9952111840248108
0.9961909055709839
0.9941074848175049
0.9944930076599121
0.9938352108001709
0.9953279495239258
0.9968282580375671
0.9954598546028137
0.9924712181091309
0.9957350492477417
0.9988359808921814
0.9985260367393494
0.9984386563301086
0.996173083782196
0.9927553534507751
0.9981221556663513
0.9934329986572266
0.9936610460281372
0.9948770403862
0.9917068481445312
0.9954999089241028
0.9854145050048828
0.996160626411438
0.9905844330787659
0.9845355153083801
0.992540180683136
0.9961816072463989
0.9935717582702637
0.9895791411399841
0.9880620241165161
0.9610739350318909
0.9396071434020996
0.868033766746521
0.38747721910476685
0.6634175181388855
0.6869375109672546
0.8655539751052856
0.7642191052436829
0.9475625157356262
0.9831109046936035
0.9948935508728027
0.994861900806427
0.9940598011016846
0.9924375414848328
0.9904448390007019
0.990644097328186
0.9944296479225159
0.9939303398132324
0.9964087605476379
0.990853488445282
0.9903557300567627
0.995710015296936
0.9793789386749268
0.968626081943512
0.9952288866043091
0.9921035766601562
0.9968583583831787
0.9974326491355896
0.997248113155365
0.9979519248008728
0.9975472092628479
0.9895161390304565
0.9923927783966064
0.9940151572227478
0.9932241439819336
0.9921233057975769
0.99439537525177
0.9860316514968872
0.9934577345848083
0.9878496527671814
0.9902539849281311
0.9916281700134277
0.9892811179161072
0.9938778281211853
0.990157425403595
0.9947240948677063
0.9865946769714355
0.9882497787475586
0.9898228645324707
0.977989137172699
0.9928739070892334
0.9972180128097534
0.9782619476318359
0.9872229099273682
0.989072322845459
0.9661335349082947
0.7194191813468933
0.862155020236969
0.7998433709144592
0.5478493571281433
0.6730309128761292
0.9422943592071533
0.9697467684745789
0.7849699258804321
0.05127784237265587
0.3331865668296814
0.46052083373069763
0.9654373526573181
0.9930418729782104
0.9952697157859802
0.9922487735748291
0.9961186647415161
0.9974216222763062
0.9930960536003113
0.9963078498840332
0.9969193935394287
0.9986193180084229
0.9923650026321411
0.9985892176628113
0.9944183826446533
0.9946316480636597
0.9884393215179443
0.9924066662788391
0.9973869919776917
0.9981430768966675
0.9951149225234985
0.9871337413787842
0.9891616106033325
0.9924927353858948
0.9905834197998047
0.9860995411872864
0.986492931842804
0.9907665252685547
0.9894331097602844
0.9960722923278809
0.9888983368873596
0.9904601573944092
0.9966591596603394
0.9954705238342285
0.9951449036598206
0.9959447979927063
0.9947919249534607
0.9935694932937622
0.9943971633911133
0.9954777359962463
0.997232973575592
0.9969325065612793
0.9956106543540955
0.994236946105957
0.9961490631103516
0.9934144020080566
0.993760883808136
0.972697913646698
0.9894585609436035
0.9977303147315979
0.9843263030052185
0.9936083555221558
0.9934971332550049
0.9916481971740723
0.9929609894752502
0.99673992395401
0.9959762692451477
0.9950717091560364
0.9951412677764893
0.9945486187934875
0.9878009557723999
0.9924250841140747
0.9903084635734558
0.9933145642280579
0.9893194437026978
0.9956234097480774
0.9944961667060852
0.9952351450920105
0.9955790638923645
0.990209698677063
0.9898982644081116
0.9965069890022278
0.9888213872909546
0.9954119324684143
0.9966537952423096
0.9773958325386047
0.983735203742981
0.9870845675468445
0.9943079352378845
0.9977536797523499
0.9989951252937317
0.997144877910614
0.9985889792442322
0.996797502040863
0.9906971454620361
0.9972207546234131
0.990774929523468
0.9943249821662903
0.9963437914848328
0.9957044720649719
0.9614946246147156
0.20321322977542877
0.01069602370262146
0.04329162463545799
0.08196686953306198
0.031052790582180023
0.2142236828804016
0.0960143506526947
0.8428387641906738
0.8343121409416199
0.9979571104049683
0.9975849390029907
0.9987061023712158
0.9968633651733398
0.9975918531417847
0.9970961809158325
0.9957647323608398
0.9969708919525146
0.9938325881958008
0.9937765598297119
0.9989479184150696
0.9945240020751953
0.9976060390472412
0.9984322190284729
0.9969281554222107
0.9961258769035339
0.9902216196060181
0.994189977645874
0.9981938004493713
0.9981877207756042
0.9932031631469727
0.9962129592895508
0.9972936511039734
0.9959564805030823
0.9970230460166931
0.9962653517723083
0.9901831746101379
0.9957315325737
0.9894840121269226
0.9955800175666809
0.97165447473526
0.9956258535385132
0.8484740853309631
0.7291805744171143
0.779548704624176
0.9965016841888428
0.9904154539108276
0.9928297400474548
0.9959751963615417
0.9945789575576782
0.993000864982605
0.9938216209411621
0.9945074915885925
0.9967008233070374
0.9943645000457764
0.9962028861045837
0.9935896396636963
0.9951332211494446
0.9980966448783875
0.9906734824180603
0.9832414388656616
0.9929514527320862
0.994993269443512
0.9910249710083008
0.9899952411651611
0.9930340051651001
0.9943870306015015
0.9966615438461304
0.9916724562644958
0.9912398457527161
0.9664759039878845
0.9908398985862732
0.994610071182251
0.994162380695343
0.993567168712616
0.9992440938949585
0.9949783682823181
0.9848787188529968
0.9913994073867798
0.9950390458106995
0.9856547713279724
0.9826571345329285
0.9882182478904724
0.9889013767242432
0.9978654980659485
0.9970517158508301
0.9898858070373535
0.9962175488471985
0.994159460067749
0.983702540397644
0.9968383312225342
0.9469447135925293
0.988278329372406
0.9727389812469482
0.976860761642456
0.9645869731903076
0.9304017424583435
0.9164667725563049
0.9797913432121277
0.9364109635353088
0.982679009437561
0.9262469410896301
0.954885721206665
0.9752635955810547
0.8725062012672424
0.9870247840881348
0.8781607151031494
0.1080893874168396
0.7676993012428284
0.4763854146003723
0.9134455323219299
0.9622068405151367
0.8498075008392334
0.5214948058128357
0.26838961243629456
0.476500928401947
0.35190242528915405
0.05099712312221527
0.17853213846683502
0.306978702545166
0.13838738203048706
0.9729577302932739
0.9931982159614563
0.99294114112854
0.9963094592094421
0.9966860413551331
0.9962085485458374
0.9973822236061096
0.9956609606742859
0.9943997263908386
0.9974203109741211
0.9952585101127625
0.9926376342773438
0.9859923720359802
0.9968484044075012
0.9985435009002686
0.9959006905555725
0.9957778453826904
0.9952536821365356
0.9979996085166931
0.9944958090782166
0.9963416457176208
0.9956251978874207
0.9918287396430969
0.9602096080780029
0.9788058400154114
0.9746877551078796
0.9584596753120422
0.9831584692001343
0.9592470526695251
0.3391934037208557
0.877744734287262
0.9816303849220276
0.9926130771636963
0.9876309037208557
0.9905124306678772
0.9954067468643188
0.9908921122550964
0.9917911291122437
0.9835960865020752
0.9915059208869934
0.9869268536567688
0.9892732501029968
0.9941609501838684
0.9917435050010681
0.9907597303390503
0.9953052997589111
0.9920696020126343
0.995961606502533
0.9938528537750244
0.9901447296142578
0.9963957667350769
0.9966183304786682
0.9920949339866638
0.9953820109367371
0.9965537786483765
0.9931790828704834
0.9967940449714661
0.993839681148529
0.9871178269386292
0.963396430015564
0.984411895275116
0.9954067468643188
0.9957408905029297
0.9976006150245667
0.9952908754348755
0.9922903180122375